Sample	Total	Secondary	Supplementary	Duplicates	Mapped	Paired in sequencing	Read1	Read2	Properly paired	With itself and mate mapped	Singletons	With mate mapped to a different chr	With mate mapped to a different chr (mapQ>=5)
BJ001.sorted	73518679	40922991	254026	0	47143068	32341662	16170831	16170831	4039346	5914404	51647	424496
230393	230393
BJ002.sorted	168500211	18152101	111710	0	26823153	150236400	75118200	75118200	8118248	8439074	120268	232604
180701	180701
BJ004.sorted	51470892	26415026	90764	0	28067372	24965102	12482551	12482551	842450	1387048	174534	192788
82328	82328
BJ005.sorted	241471264	202891941	733711	0	209137025	37845612	18922806	18922806	2731964	5383830	127543	1280322
755940	755940
BJ006.sorted	47061944	26338769	185441	0	33312982	20537734	10268867	10268867	5604460	6746854	41918	390480
269879	269879
BJ008.sorted	117224595	71262035	296020	0	77801362	45666540	22833270	22833270	3851088	6100290	143017	800746
463029	463029
BJ013.sorted	83504788	38899867	140185	0	51465404	44464736	22232368	22232368	10521572	12293938	131414	466152
270451	270451
BJ014.sorted	141285101	35662696	143329	0	38619384	105479076	52739538	52739538	1848162	2721470	91889	297404
184086	184086
BJ015.sorted	37624371	26931544	59019	0	33364445	10633808	5316904	5316904	5232708	6321730	52152	356064
210168	210168
BJ016.sorted	32957622	17201139	60431	0	24289755	15696052	7848026	7848026	6180214	6972302	55883	222028
119923	119923
BJ017.sorted	49075421	21691119	100940	0	25810614	27283362	13641681	13641681	2939902	3952646	65909	309152
205059	205059
BJ019.sorted	214194650	48293085	394903	0	61840857	165506662	82753331	82753331	12298122	12955914	196955	445730
313791	313791
BJ022.sorted	26155170	13594297	71925	0	16245037	12488948	6244474	6244474	1868484	2539864	38951	190630
131823	131823
BJ023.sorted	105819593	50107055	269988	0	65748603	55442550	27721275	27721275	14538530	15259958	111602	464478
295622	295622
BJ024.sorted	76628558	28960705	185717	0	40699506	47482136	23741068	23741068	10859234	11450670	102414	473324
365785	365785
BJ025.sorted	89316656	23477189	195979	0	31606694	65643488	32821744	32821744	7426568	7837244	96282	293466
204906	204906
BJ026.sorted	110866597	16564328	133411	0	25922431	94168858	47084429	47084429	8796780	9125754	98938	252630
177864	177864
BJ027.sorted	38947775	23017790	157599	0	28161004	15772386	7886193	7886193	4387386	4959570	26045	454876
348198	348198
BJ028.sorted	74715043	25114349	170906	0	35461125	49429788	24714894	24714894	9521808	10092668	83202	440648
340211	340211
BJ029.sorted	152551900	31089999	174147	0	44603901	121287754	60643877	60643877	12801730	13229250	110505	274370
185120	185120
BJ030.sorted	75358686	18800767	137175	0	30931247	56420744	28210372	28210372	11587652	11944054	49251	243052
175536	175536
BJ031.sorted	69985500	21341457	167985	0	30835903	48476058	24238029	24238029	8919582	9277280	49181	245986
178830	178830
BJ032.sorted	88073776	32696226	238454	0	42625896	55139096	27569548	27569548	9211440	9646132	45084	260724
173722	173722
BJ033.sorted	99434608	24997747	259419	0	39517141	74177442	37088721	37088721	13023522	13699478	560497	562354
233753	233753
BJ034.sorted	102408926	78982987	474587	0	86794478	22951352	11475676	11475676	4015256	7236874	100030	1398282
967571	967571
BJ035.sorted	109925231	36029892	210313	0	41905471	73685026	36842513	36842513	3513108	5611740	53526	449814
226583	226583
BJ036.sorted	190314185	6670322	41761	0	22303586	183602102	91801051	91801051	15426180	15545722	45781	75064
52370	52370
BJ037.sorted	23353235	5967455	53456	0	9123531	17332324	8666162	8666162	2915708	3033866	68754	80654
37043	37043
BJ038.sorted	47681627	9125763	66320	0	17812607	38489544	19244772	19244772	8327856	8491310	129214	124766
54200	54200
BJ039.sorted	45631075	13945927	99230	0	19625029	31585918	15792959	15792959	5235046	5558330	21542	238150
182953	182953
BJ040.sorted	24861773	7543493	65490	0	11801810	17252790	8626395	8626395	3904030	4101610	91217	121912
56283	56283
BJ041.sorted	39100269	14885058	97699	0	21783156	24117512	12058756	12058756	6393240	6755868	44531	277862
218978	218978
BJ042.sorted	65728557	21614055	128812	0	29248071	43985690	21992845	21992845	7006986	7429524	75680	315370
226266	226266
BJ043.sorted	124150795	50384507	287590	0	65157041	73478698	36739349	36739349	13513872	14293574	191370	573654
377550	377550
BJ044.sorted	93351478	46730025	326867	0	57448691	46294586	23147293	23147293	9363392	10310026	81773	758626
577122	577122
BJ045.sorted	60971368	30505574	180538	0	38019797	30285256	15142628	15142628	6576836	7291358	42327	548334
402831	402831
BJ046.sorted	51137412	37608444	264262	0	44574702	13264706	6632353	6632353	5422090	6674546	27450	1030132
842258	842258
BJ047.sorted	70440428	33673410	273968	0	41619053	36493050	18246525	18246525	6678088	7557168	114507	732822
580856	580856
BJ048.sorted	89900416	37804104	256680	0	50397838	51839632	25919816	25919816	11319560	12147398	189656	658058
502061	502061
BJ049.sorted	59358018	41286335	243113	0	47917431	17828570	8914285	8914285	3815386	6354530	33453	538978
251766	251766
BJ050.sorted	56559409	20211316	154767	0	27584756	36193326	18096663	18096663	6779242	7162260	56413	284518
214912	214912
BJ051.sorted	96558348	31143798	202646	0	39854599	65211904	32605952	32605952	7860542	8436220	71935	446506
334103	334103
BJ052.sorted	60363065	19749951	152770	0	28229494	40460344	20230172	20230172	7798374	8258500	68273	347250
247612	247612
BJ053.sorted	132679003	11831308	79227	0	23427744	120768468	60384234	60384234	11227572	11446600	70609	156944
104116	104116
BJ054.sorted	105654846	38454367	257675	0	48012159	66942804	33471402	33471402	8363056	9203512	96605	670486
522328	522328
BJ056.sorted	47473512	23002430	237204	0	31395426	24233878	12116939	12116939	6828522	7554810	600982	615128
303975	303975
BJ057.sorted	56486504	21851192	128806	0	32565813	34506506	17253253	17253253	10085448	10506504	79311	296438
207101	207101
BJ058.sorted	51484749	20141422	129517	0	28205262	31213810	15606905	15606905	7514296	7864602	69721	238976
163795	163795
BJ059.sorted	50170590	30774353	218281	0	38052446	19177956	9588978	9588978	6329518	7018364	41448	538514
421945	421945
BJ060.sorted	91995660	18719043	102943	0	25717254	73173674	36586837	36586837	6397754	6812160	83108	238280
162286	162286
BJ061.sorted	162985275	80582298	607831	0	95914019	81795146	40897573	40897573	12453126	14478450	245440	1699514
1368544	1368544
BJ062.sorted	68737593	22776827	100282	0	27154439	45860484	22930242	22930242	2795436	4161574	115756	291986
143789	143789
BJ063.sorted	125557094	29717142	236108	0	41453393	95603844	47801922	47801922	10854486	11383416	116727	383402
267734	267734
BJ064.sorted	137737622	70800412	403480	0	82607147	66533730	33266865	33266865	9567330	11209204	194051	1363602
1093965	1093965
BJ065.sorted	40468997	29929865	127998	0	35263460	10411134	5205567	5205567	2958040	5191050	14547	504910
294327	294327
BJ066.sorted	74522930	38972781	160701	0	44990941	35389448	17694724	17694724	3850202	5481958	375501	526182
259629	259629
BJ067.sorted	39694223	12839732	46747	0	14485173	26807744	13403872	13403872	930328	1568468	30226	156326
90517	90517
BJ068.sorted	55441855	35943948	154499	0	41924543	19343408	9671704	9671704	3826036	5789864	36232	486682
274673	274673
BJ069.sorted	201764052	50600699	134589	0	54991326	151028764	75514382	75514382	2612426	3870168	385870	400840
186863	186863
BJ070.sorted	58615436	23397234	72218	0	28898105	35145984	17572992	17572992	3953122	5321924	106729	301238
145485	145485
BJ071.sorted	72444179	46001172	168335	0	53668410	26274672	13137336	13137336	4445110	7425712	73191	649318
360288	360288
BJ072.sorted	288977640	12572393	106843	0	61137983	276298404	138149202	138149202	47937746	48213850	244897	227724
113574	113574
BJ073.sorted	50815549	37471298	291883	0	45241043	13052368	6526184	6526184	6557074	7464012	13850	652654
503634	503634
BJ074.sorted	117272052	24117958	124100	0	43039614	93029994	46514997	46514997	18204350	18516048	281508	217362
115547	115547
BJ075.sorted	86448323	38991922	238041	0	49752456	47218360	23609180	23609180	9746632	10431190	91303	513538
361978	361978
BJ076.sorted	120544651	21110888	144427	0	32780473	99289336	49644668	49644668	11049548	11413442	111716	258882
157273	157273
BJ077.sorted	85499385	24810827	156448	0	35318537	60532110	30266055	30266055	9829766	10295162	56100	334036
230291	230291
BJ078.sorted	77977875	12560008	79653	0	25913702	65338214	32669107	32669107	12964740	13195322	78719	159538
95554	95554
BJ079.sorted	65970319	21159016	138021	0	30421961	44673282	22336641	22336641	8746226	9085188	39736	217058
151146	151146
BJ080.sorted	71581078	13658794	72560	0	30016120	57849724	28924862	28924862	15992656	16192544	92222	135152
81890	81890
BJ081.sorted	184174537	27008744	120027	0	64506970	157045766	78522883	78522883	36822154	37152570	225629	247606
125225	125225
BJ082.sorted	62740663	25808205	200128	0	35891708	36732330	18366165	18366165	9332824	9838752	44623	381272
291352	291352
BJ083.sorted	113348016	47072696	331810	0	61677057	65943510	32971755	32971755	13045260	14154000	118551	533468
348124	348124
BJ084.sorted	79510385	24881565	161632	0	42661211	54467188	27233594	27233594	17109182	17501390	116624	253532
169463	169463
BJ085.sorted	67412195	26912646	294557	0	40536879	40204992	20102496	20102496	12005196	12816442	513234	693406
371416	371416
BJ086.sorted	33939871	13207481	103308	0	19912428	20629082	10314541	10314541	6181392	6550438	51201	277726
208768	208768
BJ088.sorted	55981509	21416699	145542	0	30806155	34419268	17209634	17209634	8627046	9134664	109250	404168
312731	312731
BJ089.sorted	53578218	26344110	270224	0	33276108	26963884	13481942	13481942	5595316	6640908	20866	900702
782593	782593
BJ090.sorted	36898403	11850419	71858	0	16820462	24976126	12488063	12488063	4670540	4866146	32039	132028
89063	89063
BJ091.sorted	95215331	45663115	328910	0	56492366	49223306	24611653	24611653	9423650	10378832	121509	770174
585354	585354
BJ092.sorted	89324926	17938147	124505	0	29269977	71262274	35631137	35631137	10739634	11127380	79945	265182
185497	185497
BJ093.sorted	73604892	24471505	154603	0	34004600	48978784	24489392	24489392	8712312	9285806	92686	435648
338188	338188
BJ094.sorted	293089199	32662489	111518	0	93961937	260315192	130157596	130157596	60405048	60693328	494602	236114
82530	82530
BJ095.sorted	66411855	34491379	228406	0	43804779	31692070	15846035	15846035	8192534	9062458	22536	630270
484643	484643
BJ096.sorted	83130218	25938811	171311	0	36635684	57020096	28510048	28510048	9952342	10431652	93910	350720
256542	256542
BJ097.sorted	63303286	39585037	291111	0	47906584	23427138	11713569	11713569	7098244	7987416	43020	697400
526133	526133
BJ098.sorted	136789676	65400002	467468	0	77450980	70922206	35461103	35461103	10416510	11440454	143056	767532
560118	560118
BJ099.sorted	102595891	26110012	192291	0	34289776	76293588	38146794	38146794	7526800	7911610	75863	253280
168529	168529
BJ100.sorted	124774635	32664803	246630	0	47791713	91863202	45931601	45931601	14062022	14771152	109128	490586
373268	373268
BJ101.sorted	124356672	94756226	782036	0	106443550	28818410	14409205	14409205	9156104	10790168	115120	1216718
910031	910031
BJ102.sorted	71727518	48381299	245381	0	56261962	23100838	11550419	11550419	4978986	7573880	61402	606480
390331	390331
BJ103.sorted	105488203	75213440	611381	0	86222415	29663382	14831691	14831691	7543292	10080536	317058	2234288
1969893	1969893
BJ104.sorted	143788310	47637941	199463	0	52941292	95950906	47975453	47975453	2418320	4718362	385526	987784
784127	784127
BJ105.sorted	62600556	35435838	121908	0	42043284	27042810	13521405	13521405	3966940	6368034	117504	739480
519920	519920
BJ106.sorted	152159682	42208107	131243	0	67572580	109820332	54910166	54910166	24315930	24785680	447550	362118
238944	238944
BJ107.sorted	89744602	47976742	193958	0	54537569	41573902	20786951	20786951	3504362	6282704	84165	787958
537386	537386
BJ108.sorted	176469740	94420154	714184	0	107491053	81335402	40667701	40667701	10430436	12134604	222111	1344584
1055360	1055360
BJ109.sorted	59820378	33864693	218521	0	40910877	25737164	12868582	12868582	5555988	6707278	120385	975678
819082	819082
BJ110.sorted	185470380	71070975	542277	0	83076502	113857128	56928564	56928564	10442624	11299708	163542	607254
432709	432709
BJ111.sorted	109850643	50384521	177786	0	56853870	59288336	29644168	29644168	3917608	6216234	75329	494218
223056	223056
BJ112.sorted	71642624	27657629	203677	0	35184956	43781318	21890659	21890659	6757878	7267324	56326	349084
268834	268834
BJ113.sorted	69929356	29960110	183730	0	40979852	39785516	19892758	19892758	10145934	10745920	90092	428576
323835	323835
BJ114.sorted	153655913	75140047	653316	0	86888526	77862550	38931275	38931275	9447644	10945086	150077	1221094
971154	971154
BJ115.sorted	49230976	24382621	141427	0	30292447	24706928	12353464	12353464	5099918	5688396	80003	465560
366920	366920
BJ116.sorted	133199830	39836383	311095	0	50278336	93052352	46526176	46526176	9309464	9995446	135412	515054
385437	385437
BJ117.sorted	92554120	38947536	282726	0	47399100	53323858	26661929	26661929	7220484	8074608	94230	687274
541186	541186
BJ118.sorted	101349269	59556803	432716	0	68568055	41359750	20679875	20679875	7245018	8474008	104528	999728
810884	810884
BJ119.sorted	46063779	30782838	130043	0	38506403	15150898	7575449	7575449	5628502	7546884	46638	639608
460658	460658
BJ121.sorted	121839799	70148187	494710	0	81951863	51196902	25598451	25598451	9460026	11089806	219160	1340276
1046234	1046234
BJ122.sorted	35156743	15566525	95394	0	21336736	19494824	9747412	9747412	5198664	5610142	64675	322286
262300	262300
BJ123.sorted	67331791	17160928	106001	0	24270170	50064862	25032431	25032431	6590644	6872786	130455	196850
118179	118179
BJ124.sorted	127101131	25680367	167278	0	58957806	101253486	50626743	50626743	32496404	32876284	233877	272448
193949	193949
BJ125.sorted	56300660	37378540	184280	0	45094254	18737840	9368920	9368920	6017772	7419656	111778	1223346
1071080	1071080
BJ126.sorted	113766469	51224265	203180	0	57886462	62339024	31169512	31169512	3703290	6306320	152697	789264
556906	556906
BJ127.sorted	116331666	39335335	248841	0	58882804	76747490	38373745	38373745	18088832	18936930	361698	692990
530179	530179
BJ128.sorted	47392319	24377130	136959	0	29841306	22878230	11439115	11439115	4637644	5262692	64525	452206
354405	354405
BJ129.sorted	147755992	89860005	631241	0	111433731	57264746	28632373	28632373	17562938	20503060	439425	2563328
2166437	2166437
BJ130.sorted	24423461	15717041	80140	0	19403964	8626280	4313140	4313140	3055368	3567502	39281	416852
353817	353817
BJ131.sorted	35589558	17614622	108264	0	22218349	17866672	8933336	8933336	3725720	4437672	57791	599256
520129	520129
BJ133.sorted	83723864	25254666	202780	0	36665138	58266418	29133209	29133209	10162234	10831320	376372	539458
326737	326737
BJ134.sorted	57070362	17048823	107743	0	24608679	39913796	19956898	19956898	6981824	7373466	78647	290042
228310	228310
BJ135.sorted	90373131	35412210	271873	0	47358306	54689048	27344524	27344524	10466412	11289252	384971	662744
444505	444505
BJ137.sorted	150262362	72906475	554213	0	90262106	76801674	38400837	38400837	15004478	16580990	220428	1274194
1038447	1038447
BJ138.sorted	67624334	33868861	241847	0	44123274	33513626	16756813	16756813	9308816	9946314	66252	428032
319601	319601
BJ139.sorted	71440009	33749911	186796	0	41190783	37503302	18751651	18751651	6482768	7173960	80116	513136
398135	398135
BJ140.sorted	52280270	14317671	97277	0	20063928	37865322	18932661	18932661	5242518	5583358	65622	267210
217136	217136
BJ141.sorted	187296736	26361745	156915	0	41815578	160778076	80389038	80389038	14748028	15137070	159848	251024
176883	176883
BJ142.sorted	56427016	15298423	101719	0	24583173	41026874	20513437	20513437	8776352	9087732	95299	247988
197522	197522
BJ143.sorted	95299695	58353697	287980	0	68531224	36658018	18329009	18329009	8520694	9721170	168377	934938
750519	750519
BJ144.sorted	28443227	6944789	43162	0	9641761	21455276	10727638	10727638	2449956	2604170	49640	120804
97298	97298
BJ145.sorted	82557842	56107876	227008	0	64987944	26222958	13111479	13111479	6635312	8479148	173912	1606400
1388205	1388205
BJ146.sorted	67424705	59442119	425340	0	65387646	7557246	3778623	3778623	4580244	5504028	16159	673656
524424	524424
BJ147.sorted	33514458	20721461	103335	0	24531499	12689662	6344831	6344831	2907362	3613274	93429	631160
547570	547570
BJ148.sorted	150211234	21575064	98644	0	30634353	128537526	64268763	64268763	8270820	8711594	249051	367616
293406	293406
BJ149.sorted	151207216	72556926	491842	0	85876214	78158448	39079224	39079224	11306518	12606050	221396	1035696
788836	788836
BJ150.sorted	262834864	118772821	719473	0	137506616	143342570	71671285	71671285	15982092	17624838	389484	1301552
933098	933098
BJ151.sorted	100630968	64238100	411546	0	71986840	35981322	17990661	17990661	5715176	7158436	178758	1223050
965393	965393
BJ152.sorted	85044841	57899977	255120	0	71472847	26889744	13444872	13444872	10304346	13208654	109096	984814
626965	626965
BJ153.sorted	143146147	87167906	564535	0	102377666	55413706	27706853	27706853	12751700	14509734	135491	1360214
1077098	1077098
BJ154.sorted	95933514	9100599	46041	0	16381827	86786874	43393437	43393437	7061752	7147650	87537	56068
34287	34287
BJ155.sorted	33768491	8422391	64042	0	11543624	25282058	12641029	12641029	2849272	2997746	59445	102180
76556	76556
BJ156.sorted	219222503	99264169	477396	0	111375489	119480938	59740469	59740469	7505774	11473606	160318	1394558
877785	877785
BJ157.sorted	65264151	12396013	78850	0	17478967	52789288	26394644	26394644	4734390	4907502	96602	124426
94540	94540
BJ158.sorted	223491173	116369671	833478	0	136590412	106288024	53144012	53144012	16799372	19212302	174961	1985232
1516398	1516398
BJ159.sorted	52454000	18057978	116962	0	21623012	34279060	17139530	17139530	2985310	3381878	66194	277704
207495	207495
BJ160.sorted	17460494	4331239	30587	0	5585355	13098668	6549334	6549334	1119326	1205586	17943	61178
45855	45855
BJ161.sorted	23653492	3222358	26700	0	5580364	20404434	10202217	10202217	2273126	2316712	14594	23940
15595	15595
BJ162.sorted	208740791	94918912	439605	0	105496421	113382274	56691137	56691137	6244202	9892006	245898	1208210
802499	802499
BJ163.sorted	184355704	106128580	718522	0	121800327	77508602	38754301	38754301	12439668	14761762	191463	1943164
1447081	1447081
BJ164.sorted	60490051	21761664	125327	0	26721085	38603060	19301530	19301530	4101206	4747962	86132	535238
434765	434765
BJ165.sorted	79537023	30120943	157012	0	40272757	49259068	24629534	24629534	8978600	9807078	187724	675164
558127	558127
BJ166.sorted	137907205	94596201	628368	0	107782541	42682636	21341318	21341318	10376436	12415104	142868	1706542
1319807	1319807
BJ167.sorted	78155107	24598499	191556	0	36985728	53365052	26682526	26682526	11506792	12101114	94559	472220
362501	362501
BJ168.sorted	95738794	61737977	478467	0	71577830	33522350	16761175	16761175	7792060	9231712	129674	1198804
988461	988461
BJ169.sorted	95894795	56480023	422608	0	67307054	38992164	19496082	19496082	8279100	9825544	578879	1315236
896945	896945
BJ170.sorted	113712825	56803606	435073	0	68506581	56474146	28237073	28237073	9799132	11066916	200986	1020838
804660	804660
BJ172.sorted	112361475	61684576	209935	0	69807527	50466964	25233482	25233482	4740284	7187844	725172	2242562
1987353	1987353
BJ173.sorted	143822594	76659680	495316	0	88945515	66667598	33333799	33333799	10222918	11641428	149091	1128298
838990	838990
BJ174.sorted	178558541	42074360	158397	0	58779917	136325784	68162892	68162892	14592066	15897762	649398	1101700
922243	922243
BJ176.sorted	248939722	82235756	451680	0	112026871	166252286	83126143	83126143	27392358	28803756	535679	1092496
800301	800301
BJ177.sorted	204485442	66144144	228624	0	93726068	138112674	69056337	69056337	24238684	26242500	1110800	1788174
1506290	1506290
BJ178.sorted	97057897	70058472	464457	0	82796254	26534968	13267484	13267484	10805504	12208334	64991	1037490
776396	776396
BJ179.sorted	342913257	312086539	1936306	0	339327507	28890412	14445206	14445206	9344442	24997058	307604	14620262
13179655	13179655
BJ180.sorted	497799400	449476430	3229634	0	474127198	45093336	22546668	22546668	12852042	21291400	129734	7208852
5401025	5401025
BJ181.sorted	227392323	47502913	275894	0	63960571	179613516	89806758	89806758	15080608	15948010	233754	672540
480836	480836
BJ182.sorted	206149714	63607023	406695	0	83180678	142135996	71067998	71067998	17746938	18901566	265394	941970
672653	672653
BJ183.sorted	73097339	33905582	207101	0	42763787	38984656	19492328	19492328	7437080	8534426	116678	899720
744890	744890
BJ184.sorted	171430487	45643764	219065	0	59064507	125567658	62783829	62783829	12236808	12899024	302654	495060
338094	338094
BJ185.sorted	120267311	92445072	610225	0	103190539	27212014	13606007	13606007	8114646	10024500	110742	1536848
1226589	1226589
BJ186.sorted	127927342	44627141	158879	0	50855860	83141322	41570661	41570661	3939414	5884292	185548	477438
262331	262331
BJ187.sorted	36602882	19213309	107581	0	25413799	17281992	8640996	8640996	5251616	6021976	70933	647808
559091	559091
BJ188.sorted	199553048	124589061	721213	0	138905813	74242774	37121387	37121387	11508466	13413530	182009	1456222
1032967	1032967
BJ189.sorted	186318883	51271187	219908	0	63694716	134827788	67413894	67413894	10279952	11359014	844607	934356
777422	777422
BJ190.sorted	134164731	109834667	752966	0	121373784	23577098	11788549	11788549	8034958	10692122	94029	2251132
1747855	1747855
BJ191.sorted	81212067	34319322	175301	0	42240794	46717444	23358722	23358722	6629916	7555734	190437	763962
605448	605448
BJ192.sorted	56081787	26864956	122089	0	34746080	29094742	14547371	14547371	6428502	7533356	225679	960916
830410	830410
BJ194.sorted	98848124	23336099	162605	0	31091300	75349420	37674710	37674710	7035944	7530610	61986	375918
263959	263959
BJ195.sorted	69278207	34326120	269279	0	40366180	34682808	17341404	17341404	4866026	5706370	64411	672756
521516	521516
BJ198.sorted	85257383	15149821	124914	0	21839786	69982648	34991324	34991324	6257964	6496268	68783	162622
108031	108031
BJ199.sorted	72172388	36126778	303804	0	42757990	35741806	17870903	17870903	5461024	6259966	67442	654778
504443	504443
BJ201.sorted	54676618	23080253	197575	0	28388867	31398790	15699395	15699395	4449226	5058746	52293	482398
392230	392230
BJ202.sorted	127059621	26547286	193865	0	34985177	100318470	50159235	50159235	7775334	8111718	132308	237474
156339	156339
BJ203.sorted	67216730	26144764	266634	0	32085822	40805332	20402666	20402666	5251866	5635398	39026	226928
141059	141059
BJ204.sorted	67009352	35229886	179772	0	40378699	31599694	15799847	15799847	2810734	4875176	93865	556876
356178	356178
BJ205.sorted	96970384	43820915	360375	0	52571193	52789094	26394547	26394547	7260200	8250820	139083	771140
612917	612917
BJ206.sorted	185472750	11434801	83743	0	17960634	173954206	86977103	86977103	6205386	6343980	98110	95638
68916	68916
BJ207.sorted	52052910	35343017	166953	0	41427720	16542940	8271470	8271470	3617548	5854684	63066	576746
331148	331148
BJ208.sorted	98311261	66357304	283695	0	72230308	31670262	15835131	15835131	2946436	5505610	83699	841990
492903	492903
BJ210.sorted	91363186	40437402	320430	0	49264571	50605354	25302677	25302677	7536330	8410272	96467	664632
512221	512221
BJ211.sorted	52011703	30087405	115022	0	34267860	21809276	10904638	10904638	2307846	3981780	83653	389106
217708	217708
BJ212.sorted	57750023	33327796	268573	0	39262561	24153654	12076827	12076827	3822622	5624528	41664	778598
617602	617602
BJ214.sorted	144635007	23946996	177381	0	32820561	120510630	60255315	60255315	8094826	8614808	81376	208224
121216	121216
BJ215.sorted	83116337	52741177	309374	0	72044982	30065786	15032893	15032893	15491794	18930992	63439	1336470
1049662	1049662
BJ216.sorted	99241707	55657197	407960	0	65923793	43176550	21588275	21588275	8301514	9709464	149172	1175534
974698	974698
BJ217.sorted	117371298	63671545	240579	0	73998863	53459174	26729587	26729587	7237014	9887538	199201	811668
505197	505197
BJ218.sorted	136005503	65553835	260026	0	76727369	70191642	35095821	35095821	7983726	10741780	171728	938592
604588	604588
BJ219.sorted	84846901	51777316	365195	0	61122759	32704390	16352195	16352195	7446214	8860118	120130	1214122
999465	999465
BJ220.sorted	74796823	39059073	198260	0	45880362	35539490	17769745	17769745	5126454	6529418	93611	609590
431417	431417
BJ222.sorted	157949133	103370197	684240	0	118302980	53894696	26947348	26947348	12206124	14045212	203331	1492554
1153559	1153559
BJ223.sorted	139042979	104318907	681094	0	115660787	34042978	17021489	17021489	9222492	10603810	56976	935812
618766	618766
BJ224.sorted	107239977	44467694	304343	0	53146779	62467940	31233970	31233970	7510784	8238542	136200	549690
404182	404182
