Sample	Total	Secondary	Supplementary	Duplicates	Mapped	Paired in sequencing	Read1	Read2	Properly paired	With itself and mate mapped	Singletons	With mate mapped to a different chr	With mate mapped to a different chr (mapQ>=5)
GZ001.sorted	126386730	82258052	218504	0	97454666	43910174	21955087	21955087	11426966	14744156	233954	1628394
1152098	1152098
GZ002.sorted	69023043	51156147	273464	0	57382726	17593432	8796716	8796716	3863654	5891406	61709	545524
341178	341178
GZ003.sorted	176746554	46962492	390256	0	73729769	129393806	64696903	64696903	25610454	26160526	216495	338154
230157	230157
GZ004.sorted	181295739	35156648	86781	0	37217105	146052310	73026155	73026155	1146158	1771814	201862	156150
44074	44074
GZ005.sorted	135122677	37243480	214673	0	58797489	97664524	48832262	48832262	20754784	21129860	209476	240156
148072	148072
GZ006.sorted	140349373	37518141	238646	0	61248193	102592586	51296293	51296293	22798452	23322316	169090	399134
288457	288457
GZ007.sorted	84087501	28703582	107173	0	33078578	55276746	27638373	27638373	2974924	4121708	146115	321932
167567	167567
GZ008.sorted	153433200	62944333	129651	0	69035039	90359216	45179608	45179608	3369364	5714046	247009	646736
267300	267300
GZ009.sorted	94081277	65874965	454156	0	74897178	27752156	13876078	13876078	4870780	8495888	72169	1011660
643279	643279
GZ010.sorted	231874213	15589370	118023	0	30070503	216166820	108083410	108083410	14095036	14249592	113518	90460
53322	53322
GZ011.sorted	78776341	35905713	285500	0	41724104	42585128	21292564	21292564	4560280	5488800	44091	265506
159254	159254
GZ012.sorted	206056816	13929342	84232	0	19585010	192043242	96021621	96021621	4691378	5217948	353488	202436
103547	103547
GZ013.sorted	91015657	32276461	327940	0	44964170	58411256	29205628	29205628	11681066	12192094	167675	379398
273151	273151
GZ014.sorted	133744019	66613064	552645	0	85986242	66578310	33289155	33289155	16874318	18637140	183393	1422912
1133281	1133281
GZ015.sorted	147961456	80099611	540731	0	91100825	67321114	33660557	33660557	6681628	10311626	148857	922750
605801	605801
GZ016.sorted	155123961	34606809	311566	0	52769642	120205586	60102793	60102793	17146912	17679854	171413	380400
272805	272805
GZ017.sorted	280651688	57239892	342014	0	95451091	223069782	111534891	111534891	36829696	37436060	433125	434846
286983	286983
GZ018.sorted	165753330	52791725	224463	0	59266812	112737142	56368571	56368571	3934418	6005806	244818	399494
169356	169356
GZ019.sorted	56357350	28101590	194996	0	32122737	28060764	14030382	14030382	2946516	3786768	39383	307014
198385	198385
GZ020.sorted	99394427	18351490	90285	0	36678105	80952652	40476326	40476326	17857992	18103100	133230	189886
133986	133986
GZ021.sorted	58206374	9347442	44524	0	18999008	48814408	24407204	24407204	9411884	9520536	86506	80704
51743	51743
GZ022.sorted	145731325	20908681	132688	0	42348622	124689956	62344978	62344978	20962540	21170818	136435	136924
71956	71956
GZ023.sorted	75326162	36902902	203820	0	41503710	38219440	19109720	19109720	2872092	4318966	78022	331056
159224	159224
GZ024.sorted	174646488	29250972	220290	0	49025794	145175226	72587613	72587613	19036134	19415624	138908	269360
191105	191105
GZ025.sorted	62499531	30539745	89108	0	35971272	31870678	15935339	15935339	4001452	5225406	117013	376358
212419	212419
GZ026.sorted	88807211	33945529	78080	0	38752194	54783602	27391801	27391801	3290366	4590838	137747	311804
121216	121216
GZ027.sorted	207567247	46327162	31667	0	47535315	161208418	80604209	80604209	516462	750592	425894	124534
20166	20166
GZ028.sorted	29814174	6786120	46342	0	13366102	22981712	11490856	11490856	6380950	6488824	44816	75850
54356	54356
GZ029.sorted	34701763	9885882	75431	0	14644818	24740450	12370225	12370225	4486386	4618860	64645	91438
57963	57963
GZ030.sorted	22243946	11788843	56137	0	13443997	10398966	5199483	5199483	1146674	1558708	40309	130028
73002	73002
GZ031.sorted	80979299	7553334	17127	0	24244570	73408838	36704419	36704419	16513526	16562680	111429	38872
12808	12808
GZ032.sorted	126573691	16747596	75739	0	36849742	109750356	54875178	54875178	19638540	19824568	201839	119814
66537	66537
GZ033.sorted	125760021	12219414	51919	0	24728767	113488688	56744344	56744344	12219574	12318400	139034	61172
30387	30387
GZ034.sorted	171785727	19827644	134673	0	41527285	151823410	75911705	75911705	21214080	21406126	158842	118234
53708	53708
GZ035.sorted	203005934	20480416	52030	0	65811936	182473488	91236744	91236744	44878950	45000272	279218	93016
34268	34268
GZ036.sorted	46719752	9241693	59165	0	18798235	37418894	18709447	18709447	9262372	9428280	69097	117734
85383	85383
GZ040.sorted	96496966	8826307	27353	0	22343243	87643306	43821653	43821653	13304962	13359144	130439	40804
15443	15443
GZ041.sorted	165989047	7622232	30241	0	28331519	158336574	79168287	79168287	20514328	20585944	93102	48914
21038	21038
GZ042.sorted	56944516	10305670	88928	0	16073450	46549918	23274959	23274959	5459358	5621854	56998	100686
57750	57750
GZ043.sorted	103400322	31305470	268366	0	40906832	71826486	35913243	35913243	8748020	9197706	135290	291666
203380	203380
GZ045.sorted	75096180	28692582	189372	0	39347134	46214226	23107113	23107113	9909620	10395936	69244	349910
254168	254168
GZ046.sorted	189947931	5858939	47506	0	15144421	184041486	92020743	92020743	9149562	9198558	39418	24022
13326	13326
GZ047.sorted	114496899	52150072	352065	0	59472571	61994762	30997381	30997381	4308136	6894010	76424	611874
373078	373078
GZ048.sorted	84453435	51987589	415982	0	64010070	32049864	16024932	16024932	10884910	11552804	53695	381328
273477	273477
GZ049.sorted	244951135	30973433	156794	0	66085487	213820908	106910454	106910454	34288116	34577576	377684	199192
105123	105123
GZ050.sorted	115306300	51326081	218101	0	59950360	63762118	31881059	31881059	5908636	8226722	179456	610126
273022	273022
GZ051.sorted	112105833	25344178	168759	0	46056493	86592896	43296448	43296448	19889216	20295206	248350	298966
195816	195816
GZ052.sorted	136790461	46168899	136294	0	49711057	90485268	45242634	45242634	2033944	3234398	171466	313518
130272	130272
GZ053.sorted	27426369	20856935	66034	0	26197178	6503400	3251700	3251700	3912648	5256222	17987	454096
291123	291123
GZ054.sorted	103364074	26197931	235079	0	40830013	76931064	38465532	38465532	13848206	14269910	127093	249118
174787	174787
GZ055.sorted	154891335	34911156	199425	0	57179077	119780754	59890377	59890377	21400586	21882390	186106	353414
240243	240243
GZ056.sorted	72401192	20903395	153971	0	28230320	51343826	25671913	25671913	6763618	7103722	69232	245146
182750	182750
GZ057.sorted	83205551	24533462	208153	0	42386940	58463936	29231968	29231968	17151100	17537626	107699	247646
178825	178825
GZ058.sorted	50795079	4957301	26892	0	11313514	45810886	22905443	22905443	6217296	6280040	49281	40540
24540	24540
GZ059.sorted	47317835	6505519	42844	0	11145009	40769472	20384736	20384736	4469772	4538678	57968	40842
22528	22528
GZ060.sorted	91812616	29011141	82899	0	31653191	62718576	31359288	31359288	1706126	2441186	117965	281072
151283	151283
GZ061.sorted	92571481	10412167	60784	0	31975345	82098530	41049265	41049265	21272892	21385542	116852	81404
39309	39309
GZ062.sorted	123345268	73295568	427066	0	83069070	49622634	24811317	24811317	5792760	9142992	203444	1025018
657060	657060
GZ063.sorted	94361474	56499199	561789	0	67582128	37300486	18650243	18650243	9411610	10417678	103462	701758
508800	508800
GZ064.sorted	120581617	12612163	91910	0	19200207	107877544	53938772	53938772	6277790	6390000	106134	66138
33333	33333
GZ065.sorted	22319164	6528269	24019	0	8407701	15766876	7883438	7883438	1579254	1761148	94265	161354
139628	139628
GZ066.sorted	150533358	56073590	156818	0	61375133	94302950	47151475	47151475	3554036	4968266	176459	390948
159821	159821
GZ067.sorted	109672657	68602617	227948	0	78386363	40842092	20421046	20421046	5501060	9387360	168438	1550534
1185351	1185351
GZ068.sorted	118738899	18418086	102369	0	33273773	100218444	50109222	50109222	14469194	14612182	141136	89152
49670	49670
GZ069.sorted	112665165	19311394	113577	0	37679648	93240194	46620097	46620097	17858742	18085080	169597	167150
111680	111680
GZ070.sorted	164013459	39666401	117778	0	46749906	124229280	62114640	62114640	5432756	6653012	312715	488268
306315	306315
GZ071.sorted	43083743	11434066	78465	0	15903172	31571212	15785606	15785606	4076212	4301014	89627	180916
143719	143719
GZ072.sorted	250528210	33279493	123265	0	39868921	217125452	108562726	108562726	5570734	6212464	253699	207408
108045	108045
GZ073.sorted	138465570	11568905	58523	0	31241851	126838142	63419071	63419071	19357636	19446204	168219	61962
26202	26202
GZ074.sorted	54475299	21202220	235343	0	31067596	33037736	16518868	16518868	9328754	9572804	57229	155816
111851	111851
GZ075.sorted	111946078	18579086	48956	0	20542285	93318036	46659018	46659018	1282516	1809618	104625	124418
45213	45213
GZ076.sorted	133145961	67628178	430429	0	73984420	65087354	32543677	32543677	3995520	5784766	141047	637568
399828	399828
GZ077.sorted	98604340	11677979	53605	0	31241867	86872756	43436378	43436378	19251418	19368516	141767	82298
43738	43738
GZ078.sorted	190154716	68367008	154836	0	74373615	121632872	60816436	60816436	3337396	5499366	352405	652986
313200	313200
GZ080.sorted	25483698	12463099	113549	0	16178852	12907050	6453525	6453525	3398798	3576948	25256	115254
70650	70650
GZ083.sorted	38135879	20554271	72336	0	25051151	17509272	8754636	8754636	3088724	4384634	39910	279634
132226	132226
GZ088.sorted	182481025	75772723	253722	0	83045937	106454580	53227290	53227290	4244906	6744518	274974	729688
346255	346255
GZ089.sorted	33043652	8353104	81604	0	13554567	24608944	12304472	12304472	4901732	5076492	43367	112954
79055	79055
GZ091.sorted	113161879	30400021	152956	0	37579711	82608902	41304451	41304451	5588926	6923998	102736	370012
205489	205489
GZ092.sorted	8365182	2628999	20259	0	4385820	5715924	2857962	2857962	1681196	1728348	8214	27768
18576	18576
GZ093.sorted	101721565	48894267	159504	0	56285725	52667794	26333897	26333897	5069922	7082276	149678	578628
290262	290262
GZ094.sorted	172705708	45981197	426995	0	62931006	126297516	63148758	63148758	15641118	16395640	127174	532062
392919	392919
GZ095.sorted	112435689	66204813	239512	0	71651081	45991364	22995682	22995682	2941710	5073376	133380	778174
399358	399358
GZ097.sorted	77508762	25427432	223790	0	33267927	51857540	25928770	25928770	7238440	7568610	48095	233022
166563	166563
GZ099.sorted	19876989	4529767	34856	0	6972814	15312366	7656183	7656183	2305824	2390484	17707	57548
41637	41637
GZ101.sorted	142310236	106066794	503692	0	115376235	35739750	17869875	17869875	4490204	8592834	212915	1931918
1409256	1409256
GZ103.sorted	162732926	79648214	263590	0	86436022	82821122	41410561	41410561	3917178	6207548	316670	784212
436673	436673
GZ107.sorted	85253281	53643320	272083	0	58074208	31337878	15668939	15668939	2377970	4088388	70417	631946
411984	411984
GZ109.sorted	60167571	15346376	38945	0	19532688	44782250	22391125	22391125	3583450	4052332	95035	102894
47460	47460
GZ110.sorted	84722930	11883545	48973	0	29615534	72790412	36395206	36395206	17426900	17541592	141424	80074
38347	38347
GZ113.sorted	43575791	19671007	54836	0	21883428	23849948	11924974	11924974	1311426	2091018	66567	210624
84179	84179
GZ115.sorted	47309648	15865926	42400	0	17518974	31401322	15700661	15700661	1006420	1519276	91372	114762
48811	48811
GZ118.sorted	129941851	53510352	471295	0	70689062	75960204	37980102	37980102	15557382	16482798	224617	649822
453095	453095
GZ119.sorted	139805254	44358180	306470	0	59469262	95140604	47570302	47570302	13778514	14696758	107854	685866
507338	507338
GZ120.sorted	185194192	94115807	459099	0	102986920	90619286	45309643	45309643	5524902	8225998	186016	1142160
703279	703279
GZ121.sorted	113166942	34614216	111472	0	39880196	78441254	39220627	39220627	3438294	5036730	117778	450104
254419	254419
GZ122.sorted	233119456	31552135	106803	0	66985723	201460518	100730259	100730259	34505718	34834672	492113	238608
157759	157759
GZ123.sorted	160550214	19742051	81337	0	36241282	140726826	70363413	70363413	15963056	16196588	221306	146792
82983	82983
GZ124.sorted	140894745	45695792	59761	0	48875955	95139192	47569596	47569596	1775324	2892222	228180	293412
134092	134092
GZ125.sorted	88224987	48110388	221075	0	53664363	39893524	19946762	19946762	2953484	5266636	66264	655116
362297	362297
GZ127.sorted	48973536	16763869	90505	0	23786067	32119162	16059581	16059581	6088798	6877950	53743	227856
148560	148560
GZ129.sorted	78709432	57895833	601267	0	68905443	20212332	10106166	10106166	9077620	10335748	72595	1026248
835172	835172
GZ131.sorted	142530102	23889660	175826	0	33827580	118464616	59232308	59232308	9060448	9630742	131352	461726
357909	357909
GZ132.sorted	154849980	16803946	76644	0	45652329	137969390	68984695	68984695	28379750	28611726	160013	161570
107111	107111
GZ133.sorted	71075593	16147401	116394	0	22183949	54811798	27405899	27405899	5483218	5869846	50308	269506
192498	192498
GZ134.sorted	74654853	21811555	168090	0	31084489	52675208	26337604	26337604	8655520	9032656	72188	260908
166331	166331
GZ135.sorted	210355854	92195401	462513	0	124395526	117697940	58848970	58848970	28775128	31065192	672420	1937194
1582497	1582497
GZ137.sorted	45112507	1806371	11536	0	5019636	43294600	21647300	21647300	3156750	3185648	16081	16574
8452	8452
GZ138.sorted	78822357	25341444	141497	0	36967384	53339416	26669708	26669708	10916160	11390776	93667	351556
238611	238611
GZ139.sorted	80772942	34644436	192540	0	40661037	45935966	22967983	22967983	4663900	5721096	102965	612184
417758	417758
GZ140.sorted	92051487	27789612	136039	0	32159506	64125836	32062918	32062918	3118152	4159714	74141	379658
257388	257388
GZ142.sorted	112487245	74559682	265141	0	85469122	37662422	18831211	18831211	6754194	10506060	138239	1605176
1098453	1098453
GZ143.sorted	90575511	57579555	257652	0	65164920	32738304	16369152	16369152	4653324	7255956	71757	830744
498461	498461
GZ144.sorted	133922977	55552622	137861	0	61657047	78232494	39116247	39116247	3539532	5739280	227284	637464
308333	308333
GZ147.sorted	159557722	39371549	211299	0	57472231	119974874	59987437	59987437	17127986	17744406	144977	420992
261208	261208
GZ148.sorted	79653025	11627467	77568	0	20649771	67947990	33973995	33973995	8676978	8877444	67292	123452
75241	75241
GZ149.sorted	44301770	10519113	12591	0	11160264	33770066	16885033	16885033	365904	555206	73354	63790
27357	27357
GZ152.sorted	30989394	14654169	88809	0	22214281	16246416	8123208	8123208	6823130	7403122	68181	459464
395321	395321
GZ155.sorted	257988439	40162309	358274	0	103895310	217467856	108733928	108733928	61329762	62282732	1091995	813580
326321	326321
GZ156.sorted	74431217	27669875	170110	0	34272875	46591232	23295616	23295616	5804056	6369004	63886	423066
325239	325239
GZ158.sorted	51991199	31331466	102661	0	39997718	20557072	10278536	10278536	6352994	8515330	48261	725206
482119	482119
GZ159.sorted	299197478	35438759	394987	0	77489774	263363732	131681866	131681866	38477574	39626438	2029590	1068692
386096	386096
GZ160.sorted	162834340	69198513	413901	0	86829265	93221926	46610963	46610963	14814410	16462500	754351	1409816
1176807	1176807
GZ162.sorted	77108269	35234304	249163	0	43411354	41624802	20812401	20812401	7186726	7844022	83865	525576
378227	378227
GZ164.sorted	44484180	16722801	50045	0	19878914	27711334	13855667	13855667	2191850	3004428	101640	312230
219592	219592
GZ165.sorted	101967740	6564982	23350	0	14962885	95379408	47689704	47689704	8212166	8276216	98337	45370
24989	24989
GZ166.sorted	16450823	8147283	34776	0	10691927	8268764	4134382	4134382	1992666	2481460	28408	119510
69057	69057
GZ167.sorted	52478198	25845111	123073	0	37571548	26510014	13255007	13255007	10332546	11556302	47062	356404
190826	190826
GZ168.sorted	93964480	15847370	95948	0	29269991	78021162	39010581	39010581	12990238	13236240	90433	153962
82478	82478
GZ169.sorted	35096995	25745561	103272	0	29506600	9248162	4624081	4624081	1822454	3627506	30261	480176
311779	311779
GZ170.sorted	52845776	20285876	114662	0	25835520	32445238	16222619	16222619	4809188	5377204	57778	303372
214383	214383
GZ171.sorted	152596203	59971349	431008	0	74562457	92193846	46096923	46096923	13022384	14046028	114072	696030
516354	516354
GZ172.sorted	26349795	16733658	105651	0	21240466	9510486	4755243	4755243	3479800	4313822	87335	285258
199341	199341
GZ173.sorted	59702143	43177393	140518	0	47154004	16384232	8192116	8192116	1984614	3782140	53953	491690
210462	210462
GZ174.sorted	58035774	7293223	49213	0	13950090	50693338	25346669	25346669	6344808	6537220	70434	140726
110304	110304
GZ175.sorted	73943879	9029702	40043	0	23933773	64874134	32437067	32437067	14513204	14692404	171624	145478
108921	108921
GZ176.sorted	21263938	3051098	18748	0	7322388	18194092	9097046	9097046	4171164	4217470	35072	29262
18879	18879
GZ178.sorted	49210198	6171253	38415	0	10545639	43000530	21500265	21500265	4175714	4301936	34035	80986
56193	56193
GZ179.sorted	50851396	23243260	51518	0	29266260	27556618	13778309	13778309	4285494	5907944	63538	437612
226917	226917
GZ180.sorted	33901994	14968901	67957	0	19479148	18865136	9432568	9432568	4207902	4422080	20210	145198
81796	81796
GZ182.sorted	45044872	16788983	83057	0	25384610	28172832	14086416	14086416	7800708	8460450	52120	190042
89107	89107
GZ217.sorted	30593658	11465458	21974	0	12548129	19106226	9553113	9553113	462902	999140	61557	209548
151646	151646
GZ219.sorted	82156024	39312450	85038	0	44628424	42758536	21379268	21379268	2953702	4997614	233322	991514
745785	745785
GZ220.sorted	150316808	125609779	232735	0	138429573	24474294	12237147	12237147	4205208	12373788	213271	5605616
4863781	4863781
GZ221.sorted	75182676	22344895	72193	0	29818614	52765588	26382794	26382794	6338156	7227730	173796	777806
686950	686950
GZ223.sorted	7680154	2390280	13978	0	3404796	5275896	2637948	2637948	909694	980478	20060	53982
44248	44248
GZ224.sorted	31799990	22051090	30852	0	24376090	9718048	4859024	4859024	784746	2161564	132584	918312
780080	780080
GZ225.sorted	106364915	32253588	81167	0	37995643	74030160	37015080	37015080	3576618	5571740	89148	445222
239409	239409
GZ226.sorted	63019069	10935806	30839	0	12102569	52052424	26026212	26026212	687762	1093004	42920	93034
41188	41188
GZ227.sorted	150486337	85814819	80734	0	93036657	64590784	32295392	32295392	1457170	5395244	1745860	2938464
2603386	2603386
GZ228.sorted	54714144	38833124	147240	0	45965438	15733780	7866890	7866890	5524328	6917152	67922	1137486
951215	951215
GZ229.sorted	43028922	25999209	125127	0	32701854	16904586	8452293	8452293	5478510	6546398	31120	934936
811510	811510
GZ231.sorted	50695543	43580842	71585	0	48661039	7043116	3521558	3521558	1770978	4951198	57414	1989182
1705974	1705974
GZ232.sorted	66214583	23325877	85966	0	31133676	42802740	21401370	21401370	5922666	7689528	32305	435256
255516	255516
GZ233.sorted	93102511	50039372	103057	0	57037541	42960082	21480041	21480041	2891924	6462188	432924	1894900
1550091	1550091
GZ234.sorted	84916053	20219392	64383	0	30249452	64632278	32316139	32316139	8565500	9912126	53551	336846
184796	184796
GZ235.sorted	34966020	23624994	76574	0	32968487	11264452	5632226	5632226	7751624	9255084	11835	454656
277920	277920
GZ236.sorted	56053860	21928282	83582	0	27315032	34041996	17020998	17020998	4115330	5235020	68148	328020
191485	191485
GZ237.sorted	111486810	94040577	202577	0	102564316	17243656	8621828	8621828	2814286	8109834	211328	3553600
3013661	3013661
GZ238.sorted	71637158	46045290	111120	0	51921808	25480748	12740374	12740374	2414344	5629062	136336	1354944
1039916	1039916
