## htsjdk.samtools.metrics.StringHeader
# CollectInsertSizeMetrics HISTOGRAM_FILE=/mnt/raid6/bacphagenetwork/data/07_histogram/Beijing/BJ001.histogram.pdf MINIMUM_PCT=0.5 INPUT=/mnt/raid6/bacphagenetwork/data/06_unmapped_removed/Beijing/BJ001.removed.sam OUTPUT=/mnt/raid6/bacphagenetwork/data/07_histogram/Beijing/BJ001.histogram.txt    DEVIATIONS=10.0 METRIC_ACCUMULATION_LEVEL=[ALL_READS] INCLUDE_DUPLICATES=false ASSUME_SORTED=true STOP_AFTER=0 VERBOSITY=INFO QUIET=false VALIDATION_STRINGENCY=STRICT COMPRESSION_LEVEL=5 MAX_RECORDS_IN_RAM=500000 CREATE_INDEX=false CREATE_MD5_FILE=false USE_JDK_DEFLATER=false USE_JDK_INFLATER=false
## htsjdk.samtools.metrics.StringHeader
# Started on: Tue Aug 27 16:48:31 CST 2024

## METRICS CLASS	picard.analysis.InsertSizeMetrics
MEDIAN_INSERT_SIZE	MODE_INSERT_SIZE	MEDIAN_ABSOLUTE_DEVIATION	MIN_INSERT_SIZE	MAX_INSERT_SIZE	MEAN_INSERT_SIZE	STANDARD_DEVIATION	READ_PAIRS	PAIR_ORIENTATION	WIDTH_OF_10_PERCENT	WIDTH_OF_20_PERCENT	WIDTH_OF_30_PERCENT	WIDTH_OF_40_PERCENT	WIDTH_OF_50_PERCENT	WIDTH_OF_60_PERCENT	WIDTH_OF_70_PERCENT	WIDTH_OF_80_PERCENT	WIDTH_OF_90_PERCENT	WIDTH_OF_95_PERCENT	WIDTH_OF_99_PERCENT	SAMPLE	LIBRARY	READ_GROUP
520	502	34	2	239297189	485.269023	123.923894	2471693	FR	11	21	29	39	69	123	219	347	575	797	14114393			

## HISTOGRAM	java.lang.Integer
insert_size	All_Reads.fr_count
2	3
3	2
4	3
5	2
6	6
8	4
9	4
10	2
11	2
12	3
13	4
14	5
15	6
16	6
17	2
18	10
19	7
20	8
21	7
22	7
23	7
24	11
25	18
26	15
27	13
28	20
29	19
30	73
31	60
32	49
33	54
34	62
35	61
36	59
37	53
38	71
39	64
40	53
41	54
42	53
43	82
44	61
45	75
46	82
47	73
48	80
49	82
50	80
51	76
52	75
53	77
54	82
55	73
56	83
57	91
58	109
59	87
60	84
61	93
62	104
63	99
64	100
65	109
66	119
67	117
68	146
69	161
70	150
71	102
72	126
73	119
74	110
75	129
76	147
77	141
78	156
79	176
80	161
81	174
82	160
83	153
84	171
85	140
86	161
87	152
88	214
89	260
90	232
91	237
92	249
93	231
94	226
95	251
96	268
97	278
98	314
99	349
100	357
101	371
102	344
103	384
104	386
105	407
106	410
107	429
108	487
109	584
110	615
111	676
112	576
113	628
114	630
115	666
116	709
117	736
118	802
119	891
120	1001
121	1055
122	1061
123	1019
124	1025
125	1043
126	1124
127	1143
128	1326
129	1369
130	1463
131	1573
132	1533
133	1640
134	1776
135	1795
136	1924
137	2043
138	2205
139	2451
140	2676
141	2721
142	2840
143	2930
144	3003
145	3163
146	3307
147	3476
148	3710
149	3909
150	379
151	349
152	334
153	326
154	385
155	342
156	348
157	391
158	409
159	367
160	394
161	374
162	403
163	439
164	417
165	434
166	466
167	477
168	517
169	516
170	521
171	534
172	459
173	513
174	512
175	539
176	519
177	523
178	580
179	573
180	579
181	606
182	600
183	626
184	638
185	630
186	624
187	639
188	642
189	706
190	734
191	675
192	737
193	728
194	752
195	710
196	733
197	752
198	710
199	797
200	789
201	772
202	813
203	853
204	789
205	836
206	797
207	873
208	869
209	936
210	862
211	956
212	947
213	922
214	989
215	1023
216	937
217	901
218	991
219	1052
220	1021
221	1029
222	1078
223	1088
224	1086
225	1111
226	1100
227	1092
228	1164
229	1172
230	1203
231	1193
232	1191
233	1260
234	1258
235	1304
236	1264
237	1242
238	1313
239	1357
240	1350
241	1368
242	1365
243	1367
244	1442
245	1441
246	1422
247	1493
248	1458
249	1414
250	1501
251	1520
252	1635
253	1588
254	1571
255	1599
256	1667
257	1665
258	1712
259	1650
260	1702
261	1746
262	1698
263	1781
264	1803
265	1815
266	1671
267	1785
268	1873
269	1827
270	1841
271	1861
272	1880
273	1843
274	1898
275	1912
276	1851
277	1909
278	1938
279	1987
280	1957
281	1915
282	2062
283	2010
284	1987
285	2125
286	2077
287	2064
288	2137
289	2081
290	2065
291	2070
292	2129
293	2088
294	2218
295	2128
296	2079
297	2035
298	2133
299	2178
300	2142
301	2178
302	2065
303	2186
304	2189
305	2157
306	2087
307	2097
308	2168
309	2129
310	2207
311	2175
312	2110
313	2146
314	2270
315	2137
316	2132
317	2150
318	2179
319	2163
320	2173
321	2162
322	2098
323	2132
324	2025
325	2161
326	2091
327	2072
328	2186
329	2178
330	2070
331	2026
332	1966
333	2031
334	2068
335	1991
336	1952
337	2034
338	2112
339	1973
340	1999
341	1962
342	1961
343	1907
344	1915
345	2003
346	1850
347	1935
348	1891
349	1923
350	1861
351	1892
352	1773
353	1804
354	1765
355	1738
356	1737
357	2019
358	2354
359	2373
360	2599
361	2908
362	2933
363	3095
364	3396
365	3345
366	3319
367	3409
368	3194
369	3290
370	3180
371	3180
372	3043
373	3015
374	3196
375	3002
376	2976
377	3020
378	3048
379	2937
380	2869
381	2844
382	2779
383	2661
384	2703
385	2674
386	2601
387	2500
388	2619
389	2630
390	2468
391	2393
392	2343
393	2328
394	2436
395	2323
396	2270
397	2283
398	2310
399	2329
400	2323
401	2175
402	2142
403	2108
404	2104
405	2056
406	1927
407	1869
408	1959
409	1985
410	1836
411	1858
412	1938
413	1832
414	1762
415	1729
416	1731
417	1667
418	1660
419	1581
420	1588
421	1543
422	1523
423	1563
424	1711
425	1515
426	1480
427	1430
428	1484
429	1427
430	1333
431	1301
432	1278
433	1261
434	1266
435	1261
436	1201
437	1302
438	1343
439	1226
440	1233
441	1110
442	1166
443	1084
444	1076
445	1044
446	1004
447	958
448	1000
449	995
450	936
451	869
452	884
453	934
454	954
455	972
456	935
457	922
458	901
459	849
460	801
461	812
462	830
463	797
464	787
465	813
466	700
467	747
468	683
469	731
470	666
471	726
472	737
473	764
474	769
475	782
476	716
477	754
478	694
479	776
480	659
481	669
482	675
483	696
484	732
485	677
486	601
487	662
488	639
489	677
490	680
491	647
492	669
493	700
494	698
495	747
496	759
497	991
498	1189
499	1414
500	2114
501	36293
502	36775
503	36738
504	35858
505	35929
506	34852
507	34396
508	33032
509	32902
510	32055
511	31574
512	30459
513	30313
514	29665
515	28949
516	28609
517	27791
518	27191
519	26325
520	25398
521	24986
522	24336
523	23948
524	23389
525	22706
526	22234
527	21551
528	21369
529	20651
530	20314
531	20013
532	19300
533	18813
534	18413
535	18281
536	17673
537	17249
538	16905
539	16351
540	16105
541	15545
542	15055
543	14932
544	14601
545	14334
546	13925
547	13541
548	13224
549	12930
550	12736
551	12355
552	12123
553	11668
554	11638
555	11209
556	11044
557	10614
558	10540
559	10146
560	10140
561	9904
562	9595
563	9570
564	9056
565	8823
566	8647
567	8505
568	8293
569	8066
570	7897
571	7788
572	7562
573	7430
574	7389
575	7165
576	6860
577	6830
578	6474
579	6376
580	6188
581	6118
582	6005
583	5975
584	5672
585	5723
586	5362
587	5506
588	5353
589	5163
590	4976
591	4843
592	4662
593	4768
594	4539
595	4413
596	4405
597	4211
598	4381
599	4150
600	4053
601	4021
602	3829
603	3731
604	3663
605	3548
606	3600
607	3403
608	3331
609	3358
610	3214
611	3234
612	3064
613	2953
614	2962
615	2967
616	2860
617	2815
618	2752
619	2688
620	2639
621	2600
622	2542
623	2486
624	2371
625	2300
626	2239
627	2178
628	2170
629	2121
630	2233
631	2046
632	2106
633	2046
634	1977
635	2057
636	1895
637	1925
638	1971
639	1860
640	1832
641	1787
642	1767
643	1715
644	1655
645	1657
646	1593
647	1671
648	1587
649	1576
650	1523
651	1636
652	1528
653	1495
654	1436
655	1425
656	1358
657	1407
658	1340
659	1383
660	1317
661	1276
662	1275
663	1322
664	1273
665	1284
666	1208
667	1209
668	1161
669	1208
670	1139
671	1136
672	1106
673	1086
674	1109
675	1110
676	1006
677	1051
678	987
679	1012
680	976
681	935
682	906
683	933
684	880
685	925
686	857
687	914
688	830
689	855
690	803
691	869
692	884
693	744
694	698
695	824
696	816
697	674
698	596
699	624
700	660
701	507
702	476
703	452
704	462
705	441
706	498
707	443
708	425
709	427
710	454
711	406
712	439
713	422
714	414
715	359
716	403
717	367
718	394
719	363
720	360
721	357
722	362
723	350
724	331
725	324
726	347
727	338
728	328
729	303
730	301
731	323
732	327
733	303
734	290
735	262
736	302
737	233
738	264
739	264
740	257
741	260
742	249
743	240
744	263
745	240
746	246
747	215
748	232
749	217
750	222
751	230
752	236
753	192
754	211
755	205
756	200
757	217
758	185
759	176
760	191
761	196
762	192
763	195
764	172
765	177
766	171
767	182
768	160
769	187
770	184
771	158
772	152
773	144
774	147
775	167
776	136
777	143
778	148
779	131
780	155
781	148
782	122
783	126
784	132
785	120
786	117
787	123
788	124
789	119
790	101
791	120
792	125
793	117
794	115
795	121
796	123
797	97
798	116
799	98
800	101
801	108
802	102
803	112
804	98
805	74
806	99
807	107
808	108
809	97
810	70
811	93
812	95
813	99
814	68
815	70
816	88
817	89
818	96
819	90
820	63
821	81
822	78
823	69
824	65
825	60
826	64
827	71
828	62
829	68
830	56
831	59
832	56
833	55
834	57
835	60
836	62
837	50
838	51
839	55
840	46
841	54
842	52
843	51
844	50
845	44
846	51
847	45
848	44
849	51
850	43
851	37
852	46
853	44
854	42
855	49
856	53
857	40
858	46
859	38
860	39

